53
697 9 19 40
62 6 2 24
5397 1 14 57
3879 14 14 6
789 3 14 40
2741 14 6 12
2298 5 4 7
1839 13 8 19
4073 14 11 17
5345 12 6 15
1908 5 7 5
5004 12 15 14
146 5 13 29
513 18 10 2
4101 8 19 4
3817 18 16 5
498 16 12 4
2728 1 12 14
1306 1 15 33
105 1 11 24
906 10 4 7
4490 1 8 9
2309 19 13 12
5094 19 17 3
533 3 12 8
2527 10 3 27
3809 12 13 46
2819 2 13 14
4497 18 0 32
592 4 6 1
1042 16 13 3
2400 4 17 15
5100 0 11 10
4346 4 14 11
175 18 6 21
2586 3 5 20
2737 14 8 8
1147 2 5 31
3201 17 19 26
2757 13 19 1
3780 1 17 10
1211 9 11 36
3132 19 0 2
3615 18 9 7
1639 11 1 8
3151 7 12 12
55 15 4 44
2057 4 7 21
511 8 0 8
5129 16 15 3
898 6 19 9
4893 4 4 30
4480 11 8 5
