365
49 81 14 22 30 24 69 8 96 71 54 75 46 7 63 80 45 53 48 75 19 3 58 63 92 40
7545 4677 2037 14421 15912 1534 5316 2050 6322 13523 11776 5280 7643 13992 10306 11386 11316 3875 7831 3521 10374 5729 11145 9574 2081 1020
12888 18999 9187 17198 13688 11544 17919 12015 5678 5705 15892 19275 18933 8108 3929 14659 5416 18223 14242 2016 16878 19829 7844 19876 11036 2120
15057 6913 19762 12659 10021 11964 1627 10133 19187 7208 2909 15723 9031 13763 14512 4504 9301 16960 11370 8185 5157 11928 539 11491 9500 8887
370 13665 16190 6208 15105 12540 134 11741 8471 19045 18601 3575 18310 12081 15831 7687 12418 3785 4970 5022 5989 9361 9605 6584 706 19147
18497 7076 17589 6295 10510 7201 17026 13591 7733 8561 19207 18567 13411 18832 1335 6954 7078 4127 15283 15094 5597 8312 13165 13991 12253 14393
10753 18901 11574 1571 535 8614 18626 210 3092 13776 9184 16288 393 9001 14740 7851 11334 1201 11290 8170 17731 5105 4192 19455 361 18045
12174 17265 17383 3931 9404 11542 6250 1734 10867 17565 17812 14756 3744 17971 8176 6984 7841 205 13391 18710 2290 10814 12280 8609 7386 6660
7937 8725 12139 765 7522 13250 19116 5704 13707 15110 7617 13548 16518 18304 16286 2153 567 2931 9860 5279 9432 16725 3098 1331 4684 6143
4130 7223 9528 11698 2013 14486 11742 15311 19141 8036 19481 15455 9840 3484 2820 5548 19486 12193 4577 9045 10645 14203 18073 1296 7854 1387
6388 91 11804 13236 15074 2143 4210 19833 5911 5794 12729 13646 19014 3437 10443 5492 3440 2358 688 11962 15463 11759 19705 2887 19340 5964
11821 13895 15448 6156 14730 13731 6208 6966 14956 4436 2424 369 4462 1325 7810 11639 5548 15061 936 14287 13155 2672 12947 16205 14037 14959
5829 2722 4936 9051 4265 6564 1424 7600 19145 2517 19553 848 6548 16495 2662 8163 5948 12693 6172 2088 8851 4683 11684 14479 19412 4443
6005 15118 10696 4990 396 18305 10823 8426 4452 3054 13494 15486 6044 13793 4980 7085 7345 7898 16672 7649 4455 4138 5946 3845 17440 5182
17984 11174 7351 1970 33 14175 15226 12070 641 14930 6994 11099 16379 15537 10604 5670 17507 18963 515 816 6155 15665 5853 9171 13836 13810
7920 576 11409 11281 3914 18824 6058 16705 15000 11122 4609 13447 6491 17512 10386 13123 18044 7336 11010 12885 1052 11743 10710 6435 14621 7450
7756 12585 17598 10920 14505 4060 8904 6326 2118 16407 8131 1980 10576 4671 15506 12234 9595 6865 8028 17717 8257 9353 4791 4770 10818 6896
6950 19067 2064 8257 14724 18064 13228 17712 8317 12267 2547 1961 19236 13766 1776 11184 5502 17299 3346 11050 6452 15368 11156 19271 1255 15760
5093 17238 11305 18361 11276 10027 891 7957 13037 2344 11690 12164 11114 2998 19166 5527 7751 145 6365 14888 14980 10765 7913 19081 9806 9956
17567 18941 1163 1849 13181 12060 6027 8954 13442 1494 19116 5242 6491 15853 7688 404 12006 19021 19898 19259 9599 12665 190 11635 3914 18785
1194 12856 13620 17325 9985 3796 17922 15818 763 18769 10871 7975 17978 1129 6932 10869 14160 1270 5539 5926 5403 9258 4203 5781 18692 8994
16315 9038 1338 10890 228 4350 4279 6811 19731 7120 2025 11716 19602 7514 10316 798 883 6847 3160 5385 15329 7037 10932 10353 17927 1083
4551 17266 12604 14272 9920 3969 6780 11157 5190 6650 5853 11127 12067 5942 6987 13235 4555 4633 15255 16607 16289 14327 19361 5899 15872 286
14182 17506 12587 10313 16240 14033 16363 15478 8757 11874 1703 9385 19584 775 4733 19910 13755 18346 5235 15975 12481 3986 13240 3606 7739 15675
16959 9971 9382 8510 18589 10214 18649 4443 11331 4171 59 19751 11104 10910 7121 15517 13397 4608 5421 3169 19624 10419 1484 10458 4313 1386
4381 19936 7532 8245 5600 2297 790 6349 6317 2399 18264 17072 10714 13930 17174 8138 9660 16682 16797 2492 2578 15146 4353 16071 8729 8310
19196 1476 3510 7035 17618 19636 17257 16394 18605 10709 18464 8181 19522 2377 1389 19395 7719 15729 5141 4829 1947 12311 14265 13718 7543 15700
7009 17163 6161 16098 3316 2992 5364 15040 14118 5070 6358 14572 13654 8549 7693 9845 18011 13973 4973 5402 6012 11411 9591 19695 10826 13376
1497 3777 8696 5303 17948 13341 15864 15177 10091 18410 1286 12718 2250 17695 11353 15261 3935 17012 1853 7376 13991 2898 8025 13524 13988 6723
405 10610 1542 9306 19072 4620 18679 2341 12215 7684 17957 12355 10022 19517 14201 13777 12447 17889 14967 3828 2817 1894 19838 11084 6771 11986
18506 8108 12186 2636 18573 7958 5432 17539 11601 1147 16214 7707 15574 17348 14505 15477 6531 486 4276 11821 9881 12885 4548 17030 893 12998
9696 12998 14497 10393 19201 9275 8012 12239 11283 15051 851 13286 13702 5642 18530 10259 16441 19141 915 9953 19979 8833 864 185 5896 10628
617 15256 10975 14524 3006 2120 19483 3286 5296 14718 3986 254 17242 19143 16484 18992 19946 10205 4601 4500 3491 9028 8128 12350 10977 19947
16463 9743 12645 8389 492 13555 13649 1961 15090 11323 7890 5950 14904 2549 520 3098 15081 17575 568 6776 5439 3855 16824 2681 18909 8659
5978 7963 18548 15834 1300 10571 5685 18513 16808 112 9162 19838 9022 13656 3528 9777 19671 13395 13618 5205 2114 15714 18758 6955 7884 16026
7579 1001 14675 629 15428 5096 7441 8878 19819 7843 7324 7586 15961 4041 16131 15638 17134 19437 11616 19901 4812 12346 1041 18166 7059 10847
6791 6575 11759 580 19758 4636 19471 18752 13100 14073 10993 5067 241 8251 11701 2299 8037 9049 16381 7871 17738 9243 5751 12857 17373 14662
7943 7772 9637 9810 2389 10213 13635 18402 18087 17610 14472 13462 17505 8157 3541 18217 17567 5945 3181 18126 18053 15742 13617 18561 12818 5890
12672 2533 10884 8616 6772 13725 3567 548 2554 18565 10429 139 19357 6971 17043 14033 3593 19 7923 13448 14433 7047 15287 17205 17168 7002
16936 7628 8726 19913 4266 3691 19531 1423 5705 17200 14933 16627 10112 10820 9854 11901 15086 19932 14194 10325 9714 18928 16340 7759 7304 14162
12439 18575 17694 4753 15773 4057 8512 5338 12007 8004 13578 16121 6121 9042 17689 183 6921 17085 13462 14114 6263 3038 6055 13411 4950 15265
7541 15291 16864 19863 6719 518 4782 6610 223 14410 9744 1385 2338 6498 15599 18440 6326 8492 209 19641 11667 13619 7045 4033 8381 11432
3655 18783 8024 13657 16858 7307 8425 4393 4929 14627 3384 18959 7612 2134 18988 16201 3506 14145 13036 320 2435 5102 8118 887 19409 19009
13914 6652 11386 2994 17345 2582 13445 7211 12049 17864 1901 9102 5926 6275 4674 15465 4769 500 9490 1265 12008 11356 17321 4938 3936 16165
4651 12155 14423 2935 7052 10965 12896 12241 11436 14490 12248 291 13336 4531 5721 17514 2196 2505 17049 2668 1065 14934 447 6358 18183 4110
13768 1243 14851 334 10184 15677 764 10753 602 16533 4286 16276 461 1050 19621 6394 213 16066 6602 15321 9476 2467 15416 11294 6172 318
1620 17628 1522 14078 3589 10347 1743 11390 18095 11472 13850 4122 7168 11121 14369 10289 12169 14399 3875 10377 16584 8321 15825 7952 10384 3846
8446 5149 16992 19319 17437 12732 4624 11417 14016 7857 9960 848 15115 72 8059 4457 1652 11715 6889 4482 10960 19836 11283 14535 13989 9153
8793 3604 17725 2934 14310 1267 4706 13801 15123 12658 4221 5247 11683 15686 12254 10316 11758 2893 12440 7811 2802 6977 5983 14137 19853 10374
6003 11340 11670 16514 17670 571 1531 7528 2227 9538 13003 11452 4761 566 16829 17137 1130 18999 17450 14390 8421 8338 7418 13838 9757 16238
9057 6310 15334 15575 18853 576 4750 4464 8609 7564 8173 3632 18687 12314 17056 14211 1607 6943 16710 11563 2641 673 14961 8576 15556 6804
1265 5400 19255 1138 3978 16520 9810 15067 5966 11069 2158 8387 17038 4464 11842 11166 19107 3554 19606 3340 2321 11085 4201 11772 5936 4986
19973 10015 2391 13572 15296 11618 8286 12965 5519 5239 15091 16931 1229 6346 13989 2525 3894 10929 7970 18288 19540 11787 14974 8872 16659 19108
15907 18454 14178 12543 3775 5384 11722 8120 10932 11466 474 7591 5740 3794 13487 5776 5497 17996 36 9046 16972 15362 3734 18401 5197 10882
11260 9847 3767 9137 2100 12911 4467 14408 11008 2708 14561 7778 2968 11310 17199 1409 18113 8316 283 2179 16994 4763 8891 1413 5178 6582
16616 15755 10616 14414 19969 19286 13015 10718 3085 2132 5488 17675 6938 12332 19466 18302 6885 19038 17637 4011 7653 15087 16395 12790 5869 17798
7355 1689 3313 4960 12397 12237 14295 12383 13582 12982 5831 1856 2699 6376 8567 12707 19572 1764 8775 16108 16445 18519 11026 11969 8108 526
19356 1156 1173 12070 418 3083 3548 14612 10658 9691 9240 3021 4263 6133 213 10052 6714 8888 19344 16480 665 10842 6074 1218 15005 11240
14085 19829 14693 6995 6407 16706 18636 9025 9830 15486 10472 17750 10594 6782 7674 11710 309 6957 15814 14142 4166 1522 16321 17661 3227 2892
1829 7750 8213 9741 10645 7105 19139 11196 16388 9897 1586 6279 13048 1269 18263 16852 9753 5667 7015 4684 12085 16216 12945 7978 12786 1691
8 2155 10954 10582 12377 14638 6693 15659 8663 12802 16044 16907 15382 3788 17172 16347 7950 646 12357 2273 10153 5801 8716 11481 2113 17870
6535 12033 2661 36 19342 18003 6680 17772 11844 17970 11712 5131 10484 14861 11218 3971 3540 11486 17370 6431 17237 566 12837 9501 3819 5939
4942 14158 10854 12533 14387 8184 2902 6265 8707 10192 14804 13940 18763 6383 17931 12915 12049 7047 5904 12768 4006 4410 14031 6842 11199 5264
7792 13857 6599 7887 2401 564 14092 19950 7761 17220 18373 19599 14013 101 18917 2101 11361 3485 15888 13959 15933 7375 7256 166 15262 15295
8284 16041 9858 15863 12182 11931 14991 4746 2975 4446 16279 6526 17969 1427 15810 11567 24 10901 14669 5001 6920 11876 8311 13018 19941 2048
3484 19742 3197 12226 18680 7635 7060 3936 19536 3181 35 5463 2048 11872 12235 18096 19781 11288 14231 11427 16054 14764 3215 3308 4248 12898
13115 11675 7558 5592 12959 757 3766 10103 5766 6525 12397 12426 4870 5204 8492 6408 17749 17575 8430 19691 11395 3281 8229 8769 13010 9730
16246 18570 3382 10877 10873 14989 4652 3440 7608 3350 3639 19951 6065 18016 12663 5750 4994 2874 3674 12722 9527 3281 6691 6436 16139 16617
16429 17744 5967 18924 15379 13227 17570 12355 19446 12723 9291 13645 1717 4058 16939 193 1096 19475 10059 12315 6716 16397 15438 9984 1601 11566
13644 1258 15705 2546 15026 3183 19884 14478 10273 17180 16374 17434 8366 2236 7359 4476 8258 6261 546 7311 8225 9259 4947 1168 3991 10378
17873 5469 11988 10597 14464 10274 2249 14849 17032 15475 1108 14466 14264 11820 16932 16177 17436 19903 2501 12312 17559 9826 17947 7810 2527 17405
3357 4536 9805 5598 7194 6271 4110 10431 5107 1578 16714 11827 9925 11758 10887 4233 1915 18807 16465 17984 8188 1088 7551 2947 18600 2073
4245 10761 15865 8332 4500 17339 14146 7973 4583 12968 13978 15876 8608 1400 16776 18868 10446 14366 11183 4039 12266 1089 3947 11500 12548 2025
3715 8387 9018 10094 4033 16705 4166 15473 6697 14162 11596 5940 12723 1390 15945 13151 3229 2860 14196 9491 10959 16608 11871 7847 5425 3724
4974 624 18977 14695 6806 15506 8309 17579 12824 6442 5070 9417 13556 10116 18043 17878 17502 357 19488 7803 15007 7658 12306 15745 14504 11864
4562 8402 10347 9922 7487 7922 10781 6722 13625 7987 19067 11115 13403 775 11409 13307 13748 11377 8544 2600 18445 16660 8877 9642 16868 15838
1667 19498 9389 5585 2512 19140 5659 3675 8334 6544 6131 13666 12653 19030 685 5801 4960 19138 2016 11411 602 10988 18881 14929 8411 18582
2532 10819 5102 14613 19731 10291 10599 12259 14195 12257 4326 7862 12343 6472 6293 9798 1408 11305 14274 17880 16345 5346 18458 17242 19802 15722
7492 7623 5802 5163 15662 2551 8266 4922 7051 8434 15915 9469 3923 254 9590 18511 8994 7489 17851 7027 7975 8274 5346 19276 16860 15578
1316 8666 19682 1845 19545 15479 14285 3521 14474 7570 206 4454 17138 9016 17161 12143 19221 3209 18027 18592 16987 14109 15607 15992 4320 5503
9617 13194 4916 14969 6647 6072 16102 9098 13780 10379 4669 18999 18972 2403 5232 5127 7724 1248 6627 12911 14331 16255 2391 7808 10687 13876
16279 3600 12929 16299 4987 16565 15833 13264 1674 4685 19447 18421 8072 361 6444 19133 11703 11738 19071 7204 18668 5202 5888 1069 1770 14395
1707 5544 19322 13893 1806 13564 12659 16910 19887 10352 5932 8908 19598 10441 11085 19449 6871 8425 2958 3854 12209 1829 12380 12844 6285 7164
18200 17488 13703 7554 18790 5765 19827 176 9070 2036 17023 12231 9377 2188 19521 11093 4200 3778 11162 1919 11438 13090 7456 13085 47 7386
4489 12095 11724 922 12454 13784 19055 11998 28 13197 8711 4180 1017 6876 5698 18506 12199 14437 8594 11604 15372 16158 125 17517 14732 13139
618 2058 8761 19574 2724 3562 8185 10221 455 11038 13204 13584 18696 15443 13506 1477 12980 12421 338 17312 9415 9298 6443 19128 8825 12238
6390 1093 16036 13287 3338 4762 16596 12387 3613 6440 18213 19629 8022 18068 9040 9431 58 14587 16238 9825 8729 12173 9254 12641 6288 13730
11302 5741 3282 18944 13693 8010 11582 776 11483 10822 8775 17235 8347 6176 4310 18010 12653 19050 14294 17708 1712 13087 8451 19578 1808 3509
8237 19103 3056 503 16373 6213 6216 9736 5857 6611 6947 16123 17590 16134 7569 1525 4414 18098 7267 6954 8647 8329 18026 15170 6263 16283
5390 19145 9911 3870 7662 19633 5161 14193 7897 11183 1004 15759 5176 6181 5058 15409 5713 9109 17936 9104 10660 1095 14080 16538 2296 16154
19601 19680 9938 7686 11392 12173 16395 12855 8545 10394 9863 9067 4784 6335 2606 9598 7398 15315 18749 13870 632 3532 18366 9124 3901 9498
11290 6635 1996 15631 18366 12451 929 13370 8699 9428 19189 5743 5249 5324 11170 13657 1500 5515 4538 9472 6755 9303 10089 4512 11890 16854
14175 7961 1012 9660 17544 622 1145 7117 8745 3564 15940 1493 17420 2855 3647 12676 7252 14752 15299 14472 13942 19786 3589 4165 6333 6927
8923 2317 11200 3607 7458 8762 14079 14855 5552 5008 4245 4495 2914 17477 225 4232 6556 1706 16205 10484 17649 2529 246 10773 12043 11425
16971 18918 18194 19483 13709 18031 10878 10134 9513 13574 970 18820 17170 4953 12096 7364 3725 15568 14040 2316 6292 2175 16659 1776 14541 6235
13645 17400 15388 6167 5683 3919 13058 12428 19891 8616 7614 4687 5217 7113 10720 13786 18486 12075 6689 15907 4463 8780 13811 16066 5717 18025
16851 2546 17820 10926 258 8677 4466 12913 18550 5516 5722 9705 16718 15532 790 18637 12234 9888 17270 5449 9868 5168 6326 14163 4948 2053
17603 11412 9816 17498 11258 6282 8496 14779 7923 16570 9637 10568 5596 10022 6537 11646 649 8247 707 8242 5772 2190 10395 5603 9575 19690
3433 7687 11337 616 5340 13233 15301 6465 19646 11750 1330 2581 17634 4985 3652 18258 15539 14016 14245 10209 1196 18827 15611 11554 6960 3229
752 7560 3216 14074 5572 12020 12400 8596 7858 18178 10426 7451 10431 6484 18092 10486 2546 9498 9313 11609 1280 15930 17157 16496 16035 10686
408 15237 10307 1104 126 8456 292 7459 11712 7298 1773 7571 19979 15795 16791 9995 6633 7940 19891 4590 10210 16449 14997 11994 13645 19040
14337 17224 19705 16237 8977 14923 17907 6929 1554 2996 4878 15739 17372 7272 6437 13859 6680 18740 12751 17154 17859 640 13094 3466 17487 16119
7084 8706 10373 9795 8756 19731 17387 11450 17895 7080 2349 5153 9887 8003 16971 6000 8710 15419 5279 6542 5111 530 19947 1198 5275 11466
2059 5042 6512 1135 4844 15967 6752 13007 16276 13513 18690 17990 6691 16840 10165 18661 14637 7578 12100 166 10734 10698 18249 13823 15724 17201
5802 903 1346 2219 18618 1649 8406 4762 16744 3470 1439 2616 13138 6203 9126 14375 11047 10525 13417 5633 11217 4273 19007 874 7452 955
9064 9720 14130 13408 19063 1688 5263 10144 12853 6595 2164 14217 7924 1405 17152 6396 13157 8844 18568 19460 9467 3988 9109 3395 156 5374
10768 5595 10778 16548 6512 4114 156 6020 1434 18520 19365 3783 15746 18140 6649 14486 16101 8639 10175 3410 3931 60 8207 489 16043 9559
13219 18194 6267 1888 16515 6098 15478 19879 11639 10785 9341 13722 11848 16494 17744 16685 18044 17221 6776 10483 12632 2106 14100 972 540 16467
945 19963 8581 15949 2304 15684 19083 4993 16420 14561 5296 1019 13231 19449 8215 2346 9338 2602 9816 10820 19463 16458 4243 11857 6283 9009
13384 3827 10346 14896 16526 17009 10775 538 3084 9500 14491 5258 3384 15006 7805 7649 12419 9133 12248 685 15331 2387 3272 3534 6037 5465
3743 19448 17777 5343 4709 8471 8053 7526 2576 7332 7914 17172 14635 15662 7080 5044 1258 3817 15213 16844 15703 11650 1162 17349 19947 12731
8808 9927 9524 9051 188 16235 3784 2577 14938 3395 4802 6397 12186 7514 1263 4291 15578 10731 5056 18937 12199 7007 4367 8997 9010 19978
8900 3605 18944 17238 150 4020 13548 1377 14109 4992 17201 13516 1837 8643 17444 1802 2603 12666 1656 10892 15579 17782 1732 528 18995 15960
5428 6585 373 19899 12759 4113 7566 332 5507 17273 1098 19140 9256 15533 5581 9425 17207 13477 15174 8218 7505 17956 18674 18096 19641 7491
10815 2024 3152 17959 7978 5445 4013 13882 12106 262 3253 1097 1303 1262 8294 6194 16237 18320 6068 18002 9601 2947 5149 1330 3076 8577
5113 4601 15993 7201 1414 9343 15487 18841 12157 9855 12370 3379 4146 7307 12034 16742 7753 5144 19008 5032 6533 8786 15785 1135 5831 1763
2479 4983 6515 2734 5764 15242 13779 4274 18780 15969 12839 3834 15036 4349 11738 13500 13625 4873 5645 6609 3416 1995 12406 15144 761 13226
18559 11462 7945 2804 14066 1594 19962 2650 7138 10892 13212 3787 3386 1295 5659 17403 15984 5660 8172 19550 10969 3782 10224 18563 393 17636
7154 9479 6076 8681 10832 15611 633 17371 464 11438 6710 11584 12593 11086 18616 1912 3007 15062 7433 3419 2589 19716 1636 6319 18148 19783
19914 13717 3130 17130 347 3545 19392 19501 1804 11951 10995 6499 993 12576 8675 13346 13973 14746 3804 68 13892 19962 10356 979 12016 11184
13493 11385 17399 8257 5414 8011 2179 18731 9539 15384 10325 1311 14295 2573 6909 990 2174 4280 16096 18884 5622 14401 4985 16890 11132 14092
14214 3997 8835 1926 10601 14663 15372 13876 10225 11694 19205 15248 13421 17754 888 11663 10089 15719 1453 10649 2957 16226 3917 17859 3155 7960
9653 19940 2757 8801 12395 19056 4587 5216 9065 10481 795 19946 3982 12771 4439 12341 3664 336 3134 8495 15194 12523 7862 9701 2912 14223
14627 17106 1678 11673 15714 9105 172 16621 12520 8109 4512 13561 6849 8407 9323 2055 2696 14317 10519 7376 18128 8072 1400 15271 4941 16691
11992 16031 461 18529 3070 17671 19356 3386 17229 16793 10007 4173 17626 9002 12733 17805 7820 16061 12085 19239 11613 6316 11499 6327 4472 19100
15572 15514 7489 6954 477 16262 2328 18402 17140 2504 19564 956 8960 7251 7447 18333 12996 8339 11599 5017 14933 2810 8251 15393 10348 235
8036 4137 11749 13444 19512 4490 18630 3835 9639 11322 4049 3659 1490 17155 5292 4708 10368 6019 4396 4367 18259 17201 6210 999 17749 6605
4258 3043 19206 13596 5993 12623 12841 13328 14939 15380 12271 15981 1575 14515 11939 7008 15278 16406 650 14019 10880 15942 2414 3872 16055 12001
99 10096 8125 6272 7571 143 9985 9676 14044 4565 4082 5074 10754 16157 17947 5248 7813 15313 5225 4952 18849 17139 13629 4936 6180 12292
11390 16766 12315 16616 14414 3633 2078 10320 7913 9404 19103 16246 14735 5925 12710 18123 17746 14894 19033 16790 629 15976 4066 10229 15340 3170
4283 11610 8104 16918 8610 19449 924 3090 18881 19740 7913 13815 11412 18894 12749 2196 339 9916 1045 3894 146 16560 13926 7040 11844 14559
12920 14454 14720 17696 9389 16100 13509 8736 3623 15014 6389 4741 13440 19287 6575 18309 11112 4506 16435 10362 3228 5328 11481 868 11252 15542
16145 14667 423 16371 3050 7310 15995 5145 8675 15396 6345 13153 10234 7116 17697 8708 8750 1459 10 10389 27 3385 18853 8491 18841 8611
8975 9976 15295 1217 4961 2284 15565 402 11729 15057 15674 12624 18493 11546 4018 11818 15806 16181 1645 10364 17716 18534 2811 9755 12012 15961
14368 11337 4330 10229 116 318 1947 2799 2686 17297 16746 8852 13464 10425 17958 8882 9686 17114 7921 16797 2849 5718 2715 19472 18178 14953
5362 17787 16942 9001 15011 19083 19315 12690 1927 15637 19481 7959 16544 11178 14840 11678 11564 7870 4023 8070 6909 4225 13933 2453 6148 12721
18092 7526 11692 4306 13633 4335 16272 9110 19169 8521 10205 7785 1113 7302 12239 13164 12416 14775 3750 128 11483 10387 9417 17984 1139 8152
4552 12119 16376 718 11163 8538 9731 7225 5769 11357 14168 9908 2952 7084 10518 9788 3114 11259 12874 18734 18837 14566 18070 2935 3678 7435
2113 7954 672 8614 6029 5882 7101 19179 15136 10950 14469 9127 10668 9571 14537 8112 15648 10776 10475 11102 4439 12641 15931 19316 13309 17575
14890 4975 6287 3198 6671 12737 17463 6487 13615 15921 7661 4997 14665 9381 8480 4837 1838 13587 3881 8519 1883 2546 5556 3471 9363 4130
8882 17321 16199 1549 14923 12629 8131 13739 12847 10042 8461 2186 1374 13046 6805 2799 15500 9928 18700 14489 1902 13148 17877 14273 10884 17328
478 7666 2380 3106 12560 17193 7205 5869 3182 19103 17329 7016 12758 18733 12616 2744 17836 1573 4447 9881 16516 19000 13511 11354 10932 1220
17452 8813 10663 1038 14036 2599 5472 2416 14678 8561 6515 10561 3525 4169 14183 9818 16368 9086 11906 9552 17263 3941 12022 13374 13405 764
18645 1899 12039 7995 10250 1043 15914 17323 15677 17369 16631 6033 15637 8172 13560 18266 6313 1544 1842 13548 4257 19652 7186 13910 11088 7282
9858 6154 19366 10329 19921 927 654 18781 19679 2954 6962 503 18291 9115 19593 11109 9763 6143 14056 7386 3195 16438 8560 4065 17517 278
19582 8776 15956 9248 7816 8636 4779 494 16442 2982 15189 15240 13404 17114 5325 10414 10198 12979 89 11356 17668 7811 10667 8914 10269 19126
11559 7980 10760 18719 14447 147 16065 13826 14391 2803 8154 19737 6690 9924 313 18132 157 2401 2338 13811 10372 15519 7678 1158 9024 11046
10457 7076 13260 4031 2838 9194 8293 11842 15446 17199 4256 12533 15729 5647 3223 7157 4036 4948 5706 13513 8790 5005 13134 10432 538 17273
1096 15328 5324 6074 16998 16019 5656 18686 17738 15435 16809 7837 13381 5710 18484 6547 13115 16660 6206 5117 6661 18628 3609 18698 12151 1645
17042 2304 15417 13208 18020 8524 9663 5717 4493 802 5903 11610 2483 2038 9669 228 2478 18081 8725 966 14219 16934 9223 6241 18206 16738
15841 18699 3414 2356 4322 455 12649 248 19733 7623 17729 6637 5364 19187 17072 9626 1659 17667 3035 8079 6636 9842 17844 5525 5931 662
12462 14882 3571 11716 4580 1133 12333 15332 5999 11036 9316 9016 3737 18438 17971 19799 19105 10455 9462 19330 18542 10148 13421 12188 15248 11727
921 18542 3655 18162 8770 387 2439 1530 13185 8310 579 8493 5948 2216 17365 8759 7238 9532 1252 2410 7863 11256 8674 17424 7030 563
12290 8805 10210 18224 174 13685 1182 10897 17501 18447 2049 390 12625 12750 17539 11123 8738 19631 10090 13266 18923 18323 4248 9844 9196 14607
4336 19698 4966 7187 13334 8915 8917 591 4507 13789 11242 15313 14887 1267 13363 8476 16089 4599 12330 9296 8597 12753 6507 658 15158 16209
19123 14346 15631 12527 15614 16276 2466 1254 6090 18125 11735 7964 15702 1811 3601 18104 8889 5381 18131 14982 16002 9912 7936 15341 11698 3328
3706 2214 14224 2486 16327 15058 11857 16469 18010 10355 15005 12438 13595 6395 14153 7288 10476 2577 15380 7047 9719 17292 2806 15267 12132 15486
10442 18939 13060 1990 16839 2056 13832 10217 5360 5540 16727 15019 1967 1534 15251 5581 6412 1366 1411 14171 18501 9651 17752 1803 15141 3805
10516 9544 2963 7870 17706 121 9744 13493 8359 14127 70 9768 5827 8741 10282 12632 6238 10816 14042 13097 10200 4594 15978 7851 12163 13597
2916 9863 1791 16477 8994 18320 18485 10397 16009 9148 6805 4762 12588 3026 6151 16290 15996 11824 2085 19762 13942 14247 5862 3633 1724 16137
10044 4958 2238 13109 17903 14683 15934 3900 18537 8204 16126 16641 16901 8874 7743 786 14311 12323 2392 15491 573 5124 6228 19537 9164 2639
985 18414 18368 16541 15869 10065 12138 13919 8663 18395 17900 1644 7698 16443 29 9395 16512 2688 9260 13561 9190 4569 1472 18163 7810 50
10126 17218 3387 11409 12494 5992 10102 14127 11148 8432 13903 13236 19014 16524 15640 9137 16853 19305 1038 13820 11388 12634 18043 12669 16217 14584
9660 4316 15243 4043 1988 14513 3548 17186 12749 4851 6282 6164 13996 18703 2057 14041 19153 211 8235 1626 10790 8364 12865 5678 11523 8621
7670 13642 11207 10554 18513 373 7360 19458 9500 959 9558 14530 17202 19430 9207 5077 13106 11600 11519 12342 10106 15978 12503 1252 4704 10117
19040 11859 15969 8460 16164 9496 11991 193 10244 1326 12146 6375 4679 1909 12179 15746 4972 9835 5150 9269 16995 576 3063 1921 15359 18872
3978 17529 8713 16835 5468 4663 18460 9843 9772 16934 17849 3301 4996 16533 4110 8150 9343 19881 2650 17296 10337 5370 16054 8225 13775 752
16461 3454 10268 11893 238 17169 3150 17934 10007 12693 14073 13162 12346 4905 15605 439 16126 6300 13195 17479 10867 2408 22 7733 6588 20
7682 14023 14822 1176 263 5967 18057 11839 1993 63 3203 7140 10718 8462 5689 18122 14730 8081 12803 15276 6161 3854 12066 12767 17311 4289
16398 10480 16280 4797 9134 4553 15210 10999 2457 911 6729 3440 9089 6021 4224 16234 1681 17201 12045 12516 47 4933 7867 8973 4007 13110
4516 15689 10968 5627 7232 19562 10616 17867 252 13552 15327 8537 489 8089 2966 16732 957 969 17172 552 4974 6050 10415 11260 3610 6873
5471 13202 5223 12618 11465 494 7002 5009 12566 19045 18409 16982 16153 2095 5380 19008 8078 18827 11948 6666 821 86 11183 9513 15302 3191
8893 12025 9887 17407 2956 14893 19530 1598 16138 18093 19036 4893 10177 14777 16770 6339 10306 17780 3645 3617 4654 11043 12936 6272 15158 6967
1958 2347 7355 13024 6610 16726 12961 1344 1016 3828 10178 17792 18700 19594 7338 2795 10232 12574 14 12150 4618 17890 5550 18679 15782 19804
476 12859 19804 14734 10082 9719 16541 1996 6180 6578 1653 4720 19938 9891 9518 14108 3179 18283 2895 12925 6634 6861 16317 17131 15076 11089
12679 14646 808 17615 5131 19582 3709 8947 6890 4982 19437 18160 7765 15911 13665 2960 18241 6053 10224 19003 13231 8787 18593 13523 17818 3667
16348 1304 5605 1691 19210 18790 17775 18761 5825 19439 1576 7889 4276 17634 2134 1914 5766 19767 13998 3556 12245 12053 9372 17946 18005 8852
19606 2756 6200 11034 11337 10949 17342 1664 3338 6908 16894 10168 14919 3782 2679 1532 3224 8204 300 3867 3312 15540 4059 1438 14830 7805
1907 19582 305 19925 4406 17967 18977 16000 16077 4021 13032 11419 4123 12311 16180 12279 19724 17158 17543 9707 9897 4340 4227 13254 6040 4130
2756 10694 5631 13179 16898 4436 12187 3466 3908 18379 10309 6622 2538 13692 17383 6110 5981 15795 17474 8213 19294 12254 1338 7747 1774 13675
15561 13856 8312 6 1156 17043 13171 9676 6071 2484 12492 12135 1093 19309 15810 5845 6288 1911 12851 1968 4456 4497 4104 13273 14114 7061
9105 12278 6032 15998 15663 10508 2674 1025 3652 13941 10335 2366 19725 19153 11181 10070 1220 7718 6787 477 10597 696 14410 9074 937 17449
3451 11590 12351 17124 16491 10447 17688 11384 14579 1359 13335 15443 9452 19724 12180 18656 12706 18484 5233 3072 16209 7159 7581 4865 18433 10133
16916 18006 10246 10175 13321 4816 7104 3111 6980 4119 12583 9408 10782 19637 10098 2076 3044 2327 11932 17983 14211 1767 9636 13573 3331 14985
14956 5699 13757 3100 7645 15807 5917 6300 16568 9729 7702 9458 10906 9957 10816 5444 7812 14363 18892 747 19067 13995 10399 618 9517 1067
17000 16420 4113 2418 4390 9642 15588 8349 18345 7606 4223 299 10644 1275 2705 6862 19779 15092 15 10355 19873 13484 12094 5531 19635 1346
14312 18756 7264 13970 14027 5259 19222 5040 5936 9347 8434 11082 4943 3529 3004 3802 4396 12491 10843 11536 7049 4667 6580 10624 15502 3739
8359 7864 15272 4787 4804 4457 5510 10778 3026 10522 2630 5109 8936 11427 10042 1625 1289 14093 10977 19635 3070 19843 10763 7756 4643 5781
5893 3802 261 1819 16546 8716 7967 13302 14385 6221 16203 5184 1847 18100 9954 13803 1637 7651 3388 16080 14414 6044 6047 1420 7431 7482
5541 13384 14306 16236 1918 165 8006 18021 15018 10550 17407 1702 13616 4714 8098 17316 14678 9166 9023 7381 12591 16893 17505 8281 18389 17842
985 1581 16890 10015 10633 6487 9017 17383 17198 11432 2837 10556 10374 7285 15645 644 19247 12634 9561 19735 11529 10332 2161 19184 606 1459
6523 15686 563 2076 10940 7384 7238 13413 476 12765 16093 3143 14384 16957 1563 14500 16422 12025 17996 11622 5338 389 2100 2324 12449 18810
5655 14157 14853 8608 18417 5369 13466 7759 10670 17266 18223 2644 5378 15904 2579 18702 5666 17758 3843 15959 12923 2877 8892 19381 14105 13413
4805 90 5084 19487 13944 15075 11349 12096 3141 11400 10089 13361 5275 459 18844 17293 12130 9535 8951 12861 5622 2833 400 8551 16658 12042
19711 1683 17882 7954 13100 14810 5281 14329 8953 4592 8587 15700 10891 1701 11235 8586 3242 12271 12690 15938 11919 2224 14993 5540 12417 6059
17480 3358 4825 19013 11966 16057 17555 17857 18975 7606 5372 5137 7737 17911 7901 17726 15309 4516 18878 17259 11310 1685 4744 11446 13014 8637
9441 15581 5247 3717 9017 4344 227 12512 15388 19059 18150 18139 15985 13993 5474 18629 10780 7036 14750 13116 10737 18082 10391 12059 14357 4661
3845 17194 7575 4780 15170 11472 16955 11666 9023 4859 14091 131 17294 6820 18486 12042 8831 4116 588 15789 9336 5331 3195 8075 13948 18166
3185 5073 149 4171 8828 5393 15340 14995 17605 1553 19260 14381 17422 18045 14865 17347 7172 17956 205 16602 1427 3728 12481 9091 4052 11825
17314 2429 2708 19760 19706 5888 16978 5368 9762 4821 19986 5073 4253 1428 18875 16417 19725 11203 19821 1128 17681 8735 12741 11699 4462 12970
15117 498 1349 13699 15601 11262 15676 19470 9941 787 18997 17446 7276 15840 19786 14738 9027 14027 1325 16659 1257 14217 16701 12793 429 18078
15083 5489 19270 19560 9468 10336 15616 8507 9241 16728 7964 973 1194 3691 17351 8628 9323 5143 5986 8493 9818 4255 15594 1597 16538 16429
1628 1182 1258 9427 7780 15154 12357 10704 19895 7195 2264 4409 11348 724 3471 17274 13483 14760 15909 18853 10201 18382 10119 9507 8522 4034
3601 6101 1346 4145 230 10632 8834 13281 2407 1957 14577 19266 1996 15700 15675 6727 16396 19149 8145 12853 9267 1567 8211 10813 6500 17699
3303 17500 2730 5019 19138 9368 13901 2216 8380 7591 12440 12464 12741 13437 13153 6384 18574 4658 7108 2116 18181 9450 16195 15002 15636 19088
19731 7082 10031 1579 13471 7647 6055 11906 4330 3131 5512 14747 11830 6301 5663 3199 11034 3330 15974 10253 12867 15452 18888 18345 3567 18890
15610 10651 8212 10091 18334 2923 9597 18179 434 15950 16945 1075 12544 1689 3324 14413 13507 2593 6023 12243 19190 598 18685 7179 13407 16877
15754 927 18907 19815 18075 10216 15930 14294 1833 18196 19890 12280 366 19124 19522 6169 18570 13457 10926 17455 15604 7538 3631 19050 368 15769
9146 18423 11066 11432 146 17214 4623 12357 16916 12388 15054 7537 12433 17690 3833 13447 16125 18590 10716 1017 17106 2897 17142 8172 16747 11861
11363 14993 19927 15076 8923 7992 13008 1449 11622 5126 17193 7915 6817 10506 15108 2106 11015 6827 1780 12991 13171 1189 5450 18827 11413 16216
5273 8787 16956 9480 18476 5176 3502 7474 14280 3359 6253 1218 10928 10070 6670 16697 3223 9933 4390 14948 11608 9650 7994 3690 14857 18557
19004 2435 6273 4183 2662 5611 16858 11397 14048 7334 12875 12453 3218 15110 14706 9162 5852 11523 672 7801 7047 11931 13384 18889 16036 14072
12093 18355 12140 11297 10259 6049 11555 3027 7379 8452 6421 18821 12656 19509 10136 10316 17916 6961 2534 6294 4185 3876 16590 16735 3900 4109
7526 13135 16072 254 16535 231 14053 1961 13941 425 469 5899 546 16352 7795 14631 96 17650 3730 14920 7458 16481 18026 17495 7184 11731
6004 2286 19197 17479 19822 8381 5163 13625 16926 11231 14240 8313 19854 7826 7878 4236 8610 5379 2781 5336 9112 17364 4667 9016 13528 4743
3287 11131 16645 571 10434 16626 11038 15839 10187 5050 18740 2273 3663 1242 7548 90 12405 14701 16247 4947 8021 2070 19326 7595 11374 8227
1402 19696 8360 18631 5688 3261 7518 4599 1808 15222 5662 13774 2658 8731 5716 2175 1252 322 10816 19342 15857 15945 6080 7949 7642 18087
3513 6279 16282 4820 10816 12120 1761 15038 14152 15893 9261 12840 18930 10140 1814 10914 9672 16710 12008 14764 5611 11016 15377 2052 1590 19777
15708 244 14718 11207 13165 9662 6916 13096 3648 1071 7238 3068 7188 13268 11988 19102 12110 11000 7103 1455 17865 16864 12385 16865 4225 3880
14697 11596 3968 1671 19278 19864 8590 16904 13033 4771 15208 528 8194 17581 9512 953 14754 4711 12382 17343 14144 8702 10509 13406 14173 2439
6222 16678 7409 1225 7647 10373 7754 5996 175 16529 15819 77 17067 5700 12236 6035 11165 6667 13272 3700 2491 3682 11654 6432 2403 2890
17603 11229 13500 460 9787 5104 316 7396 12622 9275 7744 18646 14580 16573 8271 18553 431 13383 6583 2010 19045 7089 17586 14337 16056 11080
3877 15381 11901 11528 4371 7806 4303 19761 10169 1527 13509 2019 5681 18168 12910 3993 5309 7763 19942 4361 13299 5162 19975 11729 19743 18364
12887 4260 9053 19580 14039 17892 2006 3358 2011 17772 824 479 1508 10077 6467 12001 17561 526 5158 12916 19944 2674 13931 2114 4417 16518
5390 17764 1938 14355 5349 2751 4256 4889 2930 17466 17727 13553 16515 18582 661 19271 11411 6895 6477 3629 8515 1561 18940 12678 13707 16582
6264 11160 12759 8743 8334 17271 5363 13851 6034 11831 4900 19603 4977 12629 4499 1987 16810 18035 11585 2706 11769 3626 2504 10910 8889 16287
14233 15657 9597 8994 3398 16989 19996 15564 8501 2097 4487 9346 12600 9080 19184 15651 11789 18742 8698 18417 18510 18115 6828 1588 10121 16571
17290 17416 17737 2068 7517 15075 4749 19467 16474 8738 15422 7188 10129 18660 1537 3819 4769 6012 8296 13834 6589 1898 3698 15988 19506 16812
16291 9098 13038 4874 11892 16604 16542 13584 3351 11241 12455 11093 14144 17463 15429 3237 9466 3993 15640 18819 6325 1995 3605 484 5112 17580
14088 9580 5623 6389 1998 13514 1790 9321 3210 7274 7496 6722 10558 15726 19241 618 18315 6852 3787 7036 11664 10458 5379 7623 7823 4917
344 19149 12055 3486 17230 4797 16744 18547 9431 17062 19197 15847 17049 8470 18571 15304 19760 12820 9006 9052 13614 2241 8408 4806 14931 15415
18215 18317 16693 18771 4645 6434 11665 14406 1111 14375 15724 9136 11469 14118 6404 5114 16360 12239 14523 1527 11439 1161 16847 7230 16883 15199
18042 12706 14738 15508 1429 16195 5983 4778 16697 8251 19727 3964 6622 19486 14429 19555 1598 17567 12145 7623 5227 16463 18425 13199 10235 12248
3679 13416 2698 5238 19995 5756 6397 13809 18534 8926 18268 12976 9627 10541 892 6922 2028 13290 18395 16735 17442 5728 9905 1048 3827 17644
17446 12827 13095 15761 12445 12236 9883 12943 3117 8521 11726 12628 16013 11393 13650 7706 7541 664 607 5584 5302 10074 18062 9722 7570 2732
14575 2202 11570 6273 10499 5104 6429 15951 13606 14624 5766 18032 5123 14553 10836 13393 8978 894 10215 7721 15603 16411 15481 7077 4216 16380
2587 19451 9538 13911 4601 8367 8529 6807 11279 2790 16060 4243 10639 17945 16655 6584 362 19452 17950 12240 6184 15418 18245 668 15971 16795
6906 17709 3302 11079 1120 4349 3030 9614 10403 3468 5399 16868 9981 11917 16677 10043 3182 17217 13233 16997 3134 9866 17367 9528 15075 8876
2644 3979 19790 8830 15989 11289 16705 3869 19671 12859 65 17118 13161 10470 6944 12898 9035 12125 4881 18322 1842 6675 16428 9191 1079 8163
12940 1218 19163 5426 18776 4508 2791 635 19373 2143 719 18855 3220 14848 10936 5356 7893 129 18242 7142 17206 17092 4448 14340 8413 19263
17874 6453 555 1939 603 6084 16133 4113 8454 10296 18778 8751 12511 16063 18952 6102 15065 16260 184 19108 172 5564 12032 19544 5515 17196
13224 17289 18157 15687 5198 2072 12086 5972 17176 4604 18688 7290 9902 5654 8027 6221 8142 5476 17530 15172 13735 10511 14315 15463 9012 567
7693 2134 19400 8399 3150 15340 10475 14333 9657 16007 16983 2310 6412 10033 12107 5848 4071 6315 10984 9961 4514 14800 8320 3092 19871 7902
14975 7981 17018 17877 7712 14888 6407 14333 9651 11882 9401 11294 15428 6292 5909 6047 11129 19802 12137 14102 5356 18859 16659 19841 5264 14876
3769 13174 1100 13453 18109 1735 16265 691 7712 14984 19461 10560 15389 1760 1715 19435 11642 13038 18765 13547 4754 17893 11126 15247 10630 15673
14562 9072 7890 19395 13577 644 17204 10136 8045 17200 14273 6198 6749 13676 19526 1390 4493 12315 5183 5181 19836 17083 8297 13041 3831 767
6393 17048 9131 17896 12383 8917 16717 1341 6404 4873 11647 10010 10227 7006 15689 1401 1008 11116 14941 15471 1695 2741 3216 961 1672 10257
12387 15011 4718 17993 3574 7632 8090 12806 3703 3414 1657 53 18716 8936 3150 7231 11931 2482 10058 4731 19809 3780 15541 3738 6360 4620
8228 16330 8834 15682 14845 5392 9211 8005 17597 19420 1735 10904 8368 4970 2825 7432 13016 16148 5959 9423 3657 8200 6445 9841 13462 16746
708 5685 3032 9605 6381 11105 656 11607 19509 12980 19407 3872 11215 15247 8435 2172 3052 12892 7481 17950 16191 15968 14906 2717 4638 18832
30 13728 4876 18455 3165 13773 525 4502 605 13411 6878 18335 11782 725 110 6458 10513 103 12591 2184 10580 5576 7383 9096 12782 18946
15432 18805 15158 9409 12678 1952 2111 2566 6503 8206 3440 2600 11312 5368 6177 10976 19640 18884 4230 14785 754 5589 871 1760 6371 18457
14327 1300 7407 13240 19089 10725 6041 9352 187 8383 7696 247 5332 217 16548 8444 17087 15614 1695 6665 6486 12387 8735 13254 9413 16981
2252 7781 18558 32 2288 4399 18919 2448 5495 4516 15007 15520 1473 12970 3328 2653 6872 7129 16297 16352 4479 3119 14880 11346 7551 11799
2598 12357 14594 735 16977 17954 6979 3417 7399 17962 18533 1105 8824 11767 8910 2664 2458 10710 9007 3640 15466 16840 16411 11727 4544 6083
11252 3278 11860 12404 2121 4775 17788 8968 5572 596 3832 5555 19331 17254 12939 4711 2247 5452 4958 15687 12561 2108 2118 12558 684 3735
9439 15381 4937 7652 16690 16387 3742 740 17062 6715 2177 19202 12608 3971 5775 18167 1577 5597 16792 6136 4333 2654 19377 19946 7317 7665
18515 2424 19149 1064 18847 9747 188 16535 1543 15184 14218 15159 18916 16574 14382 374 18334 4163 12112 5802 12677 10602 19041 659 9439 12797
5443 9625 4099 17653 7227 4861 11675 1195 674 15880 8954 3477 16007 18587 743 10790 4479 11613 9545 10009 1468 9675 5478 19513 9675 4193
11887 17059 2743 19930 214 1867 13485 3640 16406 1579 19665 18290 19392 4440 3934 16139 14224 16012 8365 16916 11372 17386 3147 11450 6511 6903
12187 2614 10738 11369 611 3874 11260 1836 14828 7436 16692 8612 8686 3197 15335 5742 9041 6904 4811 17120 12945 18211 8382 15379 103 8247
1609 13551 15054 16278 7577 17108 7556 5387 9641 13762 3860 9827 6048 5103 9088 13152 11236 13059 7993 18955 15059 2479 18741 2551 16257 11370
16635 2507 14173 19987 5128 17666 12941 11561 19361 16407 9998 7653 18594 7924 12899 13922 7868 5906 58 12193 7819 9364 3666 11155 2782 409
10396 890 18090 6496 1043 9445 1617 5122 4111 13459 8005 17793 16981 10492 6127 19216 15768 4214 3331 15716 18600 14145 1666 6348 1889 14669
8870 63 14100 17818 802 3918 17143 6521 9373 17066 14994 18345 8780 4172 4821 11045 17328 19175 15154 15710 1 14447 16746 6848 17289 8232
232 6508 12762 8151 2153 8721 12399 16230 15601 11547 9983 9289 10880 8558 7993 17820 7514 11965 7212 5978 7284 19610 10492 16056 13596 3546
11541 10042 13377 998 2390 19902 942 12689 16883 2425 6555 13648 761 18050 13750 19411 17485 12190 6098 13245 372 8908 9761 14855 11107 8655
2123 6890 13023 11842 12903 16735 13606 18436 7643 11380 13500 7763 9254 14732 16424 6821 11405 15580 8154 10328 16949 16020 16261 1072 16783 6922
7499 14098 9978 7886 2681 16546 19186 16147 18809 12542 17951 7478 930 4973 12469 9856 15240 6616 7312 4148 13941 10183 19030 9320 2910 17563
6516 7805 3803 14091 13348 11543 11413 7822 12638 1813 16754 15819 6278 9069 13779 5535 16781 3448 5103 17351 5280 1199 10048 2555 8659 5899
2047 12183 13021 19565 2756 9566 15288 1337 18581 35 15535 10434 19147 1919 5945 1852 10598 17351 10246 2346 17023 17916 17211 14097 8324 2957
6686 5892 9671 2821 14034 5899 17247 7696 11547 2809 1761 1573 18413 6130 5963 6019 7641 5083 11922 19703 15019 7686 13893 16254 3858 11270
8608 14713 14954 446 630 10092 9510 17596 7595 8072 17393 10262 15538 5349 7099 6892 433 165 10073 328 2466 3651 10262 7917 11869 393
6285 16213 15171 3869 19022 16518 234 9408 15733 8119 8471 2110 1594 7934 17472 19168 10275 8943 893 11683 13278 11800 506 14294 6971 15771
6078 3847 8006 1613 8300 11789 17979 5510 66 13389 2617 15943 6503 13853 12721 10620 1801 5695 323 15342 8734 14403 9019 12795 2630 4819
9147 15633 7767 2188 1276 13028 6273 18442 9014 15234 18932 19765 7317 8939 6116 17520 3400 735 13154 87 3259 4549 11989 19020 6022 6301
6204 4141 33 11018 1301 7556 16731 11608 4339 1280 12147 15063 10002 6738 4670 17269 12670 1590 1308 19855 16556 8970 18935 16795 19103 2675
8070 13253 6071 13337 7182 4219 6633 4371 14633 19932 18209 3756 17106 8549 9773 18082 5 14731 11723 6640 12119 9646 12731 14469 12091 2165
4366 5195 9760 11611 6193 16951 12441 13163 10061 17299 19765 19698 19784 15390 19522 12898 3937 8572 9385 7000 11654 9806 17713 14279 10976 19352
7875 2249 8197 12723 18989 15296 11694 16009 19294 8946 5851 18791 6644 6848 11278 5391 12650 8772 18299 10456 4984 11917 14126 2654 5757 15643
5754 17463 9240 12543 451 15780 15529 17659 17476 18251 14271 12910 7222 18612 10986 9599 3420 18939 12003 18537 16297 10587 7913 4574 12603 18904
639 10394 16564 18825 15407 112 1431 14027 15135 4575 14630 1391 19106 5573 7022 2243 19644 9924 6350 19611 2120 4525 1452 8353 17746 13515
17013 5771 4606 5868 14243 16920 16008 14703 15370 824 2071 3199 13516 19817 2546 7242 16271 8914 15727 8167 3147 427 8679 4288 12736 9585
15340 5422 11887 604 6376 17798 2253 1829 12224 15123 13312 8877 19032 8788 9308 11664 19951 4650 9808 7998 19883 12417 3521 1971 11262 14221
2879 7038 10590 8844 13323 12447 3583 12336 8631 5720 2398 126 11152 16899 16134 5324 18213 14309 4642 10088 15781 4995 19628 681 5102 17930
4514 11711 14151 18166 18149 13467 13634 13902 8894 6569 17861 15995 19799 6762 8432 15088 2970 9537 4271 17539 414 12208 4656 18116 11067 9368
10252 8864 463 9438 13211 16888 13458 15762 19080 1194 10561 13036 7293 4981 13088 6070 9604 3566 17277 856 2277 7544 18510 13037 1728 17384
6897 15882 181 8919 6283 6632 5323 14823 8068 322 3684 6485 13914 10825 9191 6747 13836 2253 14670 3778 8746 18025 2043 15261 8255 17958
15510 4160 289 15105 5514 3632 14694 14604 157 3720 16518 11124 16041 722 6757 11158 3974 8908 14004 17901 14033 17251 8623 18438 4076 9111
19347 18330 13373 13627 9264 7002 18660 4000 6978 865 15236 15413 5073 12292 45 11778 1204 18793 4715 12006 11498 1895 9031 12179 12553 6123
8340 4329 5120 5005 19608 16238 19204 13457 4460 5207 15917 15908 12071 19252 18535 1584 18290 9722 5349 15242 2050 16800 18082 18737 14085 7939
10334 12231 18014 7686 5057 14410 9692 10396 2784 7348 17801 8873 6991 13193 18713 3528 15927 3914 2305 18207 16625 15755 3366 9199 966 10530
7661 14800 12227 4585 17725 6633 1073 17065 8377 6974 16037 14216 14208 10181 19109 18222 7223 19066 9006 19455 15193 3220 7090 7890 6206 10215
5794 7583 12154 14027 11323 14798 14517 15385 12612 16202 10001 8883 17393 5997 9755 5685 4745 6051 12063 6514 10724 13617 7868 381 10221 2375
18823 13107 10080 514 18097 7892 3613 1201 8845 1026 17062 8354 14134 16387 7075 4131 5048 8431 5179 6231 345 5398 9139 11780 19364 4743
19394 13601 12348 4014 9932 423 7729 3434 2747 5347 1063 15778 17086 10102 3213 9833 19499 16429 9211 18386 6984 8280 19146 13917 5324 10658
19014 10234 11684 18889 18971 15888 19096 7995 12409 16369 6473 2376 4268 3756 18718 11561 2913 1675 19779 18528 5124 7234 17922 693 11342 7300
9486 17792 15135 14678 15234 10822 15256 3394 122 3897 13546 7323 10294 14179 1190 9435 9596 19478 12720 7619 4389 11302 5628 9560 1488 3908
1429 10245 153 938 4012 3241 1911 10575 11566 18077 2458 4541 8488 4322 14840 18076 10190 3018 6844 15804 4764 1381 1049 19771 4556 5669
12946 4603 952 7714 9510 15123 3122 15981 2470 4262 1335 14439 733 1530 19171 4295 17094 8796 15652 6356 14523 15825 8503 10583 12666 15444
17323 18284 5465 8116 4325 7417 19423 12119 19921 7887 15932 17815 6367 18470 10831 14590 10079 839 5265 5332 6419 388 12815 3568 8506 3716
6389 10540 11991 18133 11903 6454 3127 12848 11606 5712 16874 16398 1947 17997 917 11020 5755 9068 15868 10307 18081 333 8270 13180 1811 13110
1242 12842 1229 7000 14940 6911 5503 3655 16855 10310 16458 2849 6642 15767 11399 16934 279 7768 3801 11774 12882 6770 8049 8892 9445 1708
12931 216 10408 1829 14969 11106 5075 11994 11812 6267 17349 1320 6352 3766 10374 4864 1835 19419 1570 5615 3458 15654 2454 17619 19624 18931
1424 14579 244 2856 14878 3025 13754 15536 829 5895 17985 16044 10637 17004 6362 3011 19931 15713 16515 10594 5484 12654 14896 10438 10876 8442
18276 15000 8271 10487 8958 734 18410 12552 5479 13014 15115 6908 2338 3895 10210 6180 3532 3767 5096 6407 781 13664 11951 16361 9250 11550
19843 15992 6633 331 11086 19731 15975 11825 2718 12822 19051 14729 12562 2325 1966 19248 18914 9063 3439 9427 4251 14762 3662 13082 7131 5761
12802 9683 12232 2251 1967 6569 5891 19185 19284 19528 18218 6961 18422 9956 11757 13131 11406 4643 12301 15329 2999 13328 7486 1042 13513 11917
11708 12365 11477 7186 7665 16098 9509 6048 7645 16163 8066 1198 10921 8648 6389 2629 1713 11669 16312 6202 2626 6070 4099 9374 5715 5514
4317 1894 14292 4264 14660 14358 18464 12370 9534 15154 9032 6365 16033 18212 9966 8925 16473 19079 14372 1604 2521 8326 11523 10081 4007 3535
1560 9548 6054 7640 1828 15067 8468 18024 6451 7787 19836 2285 8067 988 9636 8984 9098 9580 7470 8823 16785 19746 2239 5657 14653 2246
12872 8313 9792 16226 497 6391 18187 7450 10445 14977 19305 11947 13528 17205 4753 8527 16400 18418 3485 19972 7635 7160 12558 6737 10273 17321
1680 12303 2106 8927 11402 19134 6499 6258 3372 1349 12237 5803 2395 17238 15003 17290 13964 15586 3815 10203 559 19408 11507 5482 5210 9532
13263 5227 12628 6688 18160 7094 6650 7529 11635 19073 17127 17237 12351 17655 8745 13283 18727 13185 9443 6582 10594 11490 13868 16023 18172 4436
2942 9094 10015 16540 546 3130 5130 3484 3213 2886 9317 3968 18080 10675 4966 17948 14441 629 13448 10069 6326 8084 7229 15519 17756 11482
4055 2667 10953 12077 5749 8641 4567 7727 9357 19723 17755 1268 1737 18029 15283 18526 6982 11421 17717 17811 15932 10749 18263 17985 17832 17906
12178 559 11083 5978 552 3445 11472 18496 1011 4650 451 3999 14709 8541 15532 9373 10178 10709 13659 19995 12830 4716 5078 17977 19918 9369
1642 8972 8326 10069 2119 18828 11858 2393 1396 13598 13356 3006 6325 11667 4100 4246 18826 15557 15899 8374 12604 799 11391 7334 10451 10826
13635 7775 16071 15562 11840 14405 7321 14025 13162 1324 6975 3873 17812 13079 14230 9326 10352 9732 1400 12116 11228 14379 16062 7332 1474 7125
16330 18585 484 17281 19520 5673 2672 14192 5279 6897 5931 19568 1047 197 4882 7832 5199 19454 17639 11858 16338 8776 19161 5952 6531 455
5145 1035 4687 19635 1101 17111 14348 11311 11191 9348 19723 14782 9472 3938 3778 17877 12631 15326 12189 8634 10716 4572 11099 17668 2381 5525
14842 8515 1233 5987 16048 130 16748 3546 11130 14665 3731 431 16524 104 10011 6821 6591 10659 5930 7514 19295 19946 17119 19543 10661 6591
1822 18838 12244 7739 13321 1765 9510 15137 2831 9217 10216 7523 14313 13118 18680 17766 3252 14488 12191 9959 15960 8457 13145 14242 5886 16488
16932 12395 3443 16802 18682 2408 4025 183 2418 3836 13716 10510 19151 5988 5697 10594 6288 4690 1457 87 6605 140 16609 5083 15563 12911
5835 6064 19027 2887 9585 15466 17238 6890 341 13496 13645 9719 5236 2319 15043 9616 17535 9127 11299 13443 10816 538 816 10952 19179 3520
1468 3205 19666 7417 7502 2805 7210 9615 13780 10296 4851 19934 19332 18060 19744 9522 12486 4821 4095 16772 7233 2533 6987 12096 18906 13932
6430 4540 16870 16975 9610 11386 10887 2817 5201 6068 4841 16293 13912 5963 8808 8918 17626 6920 19627 8813 13074 17331 17759 13721 19522 8412
10635 2412 8860 3720 2319 7105 773 1483 16842 18936 15461 19516 16411 332 12650 11806 4352 8213 2413 6563 15608 10286 14472 19623 10892 16983
927 14657 5073 3586 9078 652 11530 12299 11478 2517 12147 9136 1661 339 12562 8082 1208 6711 15249 11893 16305 15779 18893 10477 9432 16099
87 18750 7388 3603 17232 7039 947 2441 8143 8535 12557 15978 16725 7313 6933 4746 2360 9810 18839 13570 19859 7655 11881 8918 5304 19029
906 11263 2032 15538 15510 13660 1232 725 18792 220 15012 13579 9273 13454 1450 13237 10707 3316 14452 4743 7879 12427 6427 8943 3145 4753
4246 13235 14147 8795 14242 3334 18706 3136 13046 19867 5164 5998 11699 17717 17914 947 6951 10276 2256 1159 2768 710 8275 8458 17572 8874
19788 8552 10104 15838 1393 17528 16650 13908 1115 4736 6280 17715 10419 8444 2267 10754 5612 921 1264 3963 14644 15193 3226 3491 15918 19523
7207 2880 18987 13165 14476 7874 3261 7079 2748 13835 10681 19703 10561 14461 1260 18800 16071 4400 14697 12324 9351 6050 9044 10714 1105 16039
4300 14505 6487 3066 8073 3309 5483 7389 7823 6502 2975 9319 11021 6324 8830 13389 1647 6671 13452 17038 11065 14150 9263 19528 17299 6067
18401 1291 5159 191 17626 3539 392 6751 2917 14386 19515 1224 1786 8013 15724 3095 1093 15264 10268 13316 11434 19019 14837 9640 977 168
12727 12148 19162 3113 19910 19542 275 8922 2442 9393 11018 5043 13688 15661 13726 3441 19306 10785 5011 6523 11240 18505 8579 682 7293 9900
18308 5712 9710 12588 8927 11041 19344 5855 5921 8234 9815 2180 6102 412 11618 10571 10011 5092 1992 1021 5273 3297 19877 18782 10861 18291
2405 17517 3321 11765 9671 7331 2380 517 1350 8394 1252 15288 19252 15895 9597 744 14330 17488 8306 1321 1814 3999 2381 15511 6776 13906
13167 19417 16536 9214 10214 3682 332 7853 16382 13130 13360 9872 6444 5331 12901 10894 2116 4613 12172 15234 2781 14698 2858 6370 15945 13999
6414 15834 7812 18885 10726 19207 5946 3381 13383 11124 11265 18302 8285 6176 18895 7275 9556 8443 2622 5495 2963 6392 9046 2694 17601 1506
2317 5805 3672 233 17020 13514 16435 19299 18682 5945 18581 1139 4461 12145 5083 383 6559 17414 55 3829 12158 19477 18489 7907 8182 6397
18075 2105 16034 13096 19655 6167 11080 14625 15312 3245 18841 5584 10283 10520 11418 16223 8328 7178 18459 795 8644 12223 18710 15154 19696 9928
12020 3018 19688 2365 14170 6140 1808 4686 9230 19255 18232 15519 19592 12655 13236 19431 14697 42 6905 12093 11253 2703 13293 3615 19960 15996
9549 8330 12824 1482 14691 7562 11550 7152 8750 10144 15758 724 8324 19189 16870 3748 6899 12967 17551 10768 15357 16962 17137 3728 12661 16802
11515 1752 7332 4586 1023 13280 12679 9068 19903 13008 13285 14917 6462 17514 10474 11509 5748 17016 11915 1872 14381 9139 18469 1007 7326 14052
11245 12838 9319 10886 11915 13570 13384 3666 12759 13500 15349 7756 2632 15991 19846 8244 17420 9558 13446 17815 3281 11598 11821 13685 7709 16249
6841 10208 5556 14301 12585 1082 13031 6124 6565 2347 17830 13261 18845 7627 8503 15890 12631 11567 8235 8291 8854 1270 17423 7418 4523 10482
3074 17586 16660 2007 18779 2526 11289 18183 18543 10085 11334 3206 14749 13977 11599 11697 5079 13213 5553 8726 1576 10591 4467 16872 2601 19344
14035 18586 5216 4845 13484 10602 1352 19611 936 7389 14632 15733 19363 19045 17294 4706 11796 2370 4712 9750 9250 3328 6797 18741 16251 8396
7498 7451 13922 13200 16049 16162 17928 4059 10546 19540 6192 16921 11707 17313 16115 19331 4525 5388 2790 5992 10892 5448 10367 19220 6309 15238
8542 1443 5233 11784 5585 15698 14665 17418 12260 12089 5549 15916 8386 13630 2635 15569 12756 18440 9075 5123 6404 6836 18511 4408 10407 10064
8865 9144 3851 9530 17803 14525 17501 9922 13895 11958 3011 8394 18329 3932 7446 6591 3020 19935 18434 13188 7474 769 4582 11915 14777 9654
14270 12059 2556 11785 13858 4436 2298 3001 14198 16187 8543 13211 1737 12624 2446 10119 15161 17706 17488 8014 7291 6888 16444 18783 1969 18714
5330 5252 6802 11864 9751 2545 3726 1454 10318 10865 18817 16234 2656 17410 12304 3822 15619 16331 999 12253 12566 10905 9628 221 14548 6408
7881 14405 1650 5071 18737 11141 13488 9755 17352 14217 15796 5075 10812 11958 12014 15280 8842 15463 15728 13163 3870 7254 8609 2807 12241 11991
12602 14155 6367 9827 17010 11906 2221 7586 3389 7494 6047 10721 17665 1437 7411 2191 892 5994 8487 9384 19763 18221 3215 2121 19472 1809
5525 13334 6265 8225 2801 2156 1750 6361 8292 18053 654 9930 1825 4202 4334 6096 469 6727 3929 19214 1883 14983 12942 15308 6340 18124
11681 3158 3046 5813 9172 11532 11295 4870 10644 9934 6784 17622 13312 6307 1673 13216 2210 7713 12157 16829 16857 19282 3632 15441 9867 8178
11058 12017 110 13775 6818 4862 8106 19774 1864 9582 17843 10672 242 2721 11138 15483 19743 1749 10036 13238 8329 16558 16420 9218 15703 12228
5676 6726 12379 17644 11008 14952 4179 14206 4246 13180 2657 2782 5659 16323 19726 844 3952 12498 1150 16204 7772 2640 19810 2340 16210 13324
10297 4962 4260 750 12974 13391 15138 10315 5189 9502 11578 12151 12340 11682 142 3015 10147 18112 16229 12850 9513 1068 17587 17995 18912 17298
9028 7147 11662 14980 16246 12118 11695 4779 4939 2984 2971 17266 10583 4106 18414 2338 9463 7136 12420 10620 2973 11342 15381 18861 7012 15773
8509 18471 11716 19924 469 17612 5827 12949 12395 7658 6024 5923 3106 4725 482 14949 17547 567 10541 12370 4177 17358 15657 15273 1855 15944
14344 7281 13316 13569 5177 4122 17859 12682 372 8112 1137 14391 4653 9703 5716 18399 1722 10553 18534 12773 1630 7746 1480 1241 9749 19450
3723 15646 1094 2785 17673 12271 9861 5282 18640 10536 8740 17352 5448 17663 19209 7175 2405 17864 3780 2135 12346 2376 15119 19174 19384 11896
